48
1
300
65
153
241
329
417
505
65
153
241
329
417
505
65
153
241
329
417
505
65
153
241
329
417
505
65
153
241
329
417
505
65
153
241
329
417
505
65
153
241
329
417
505
65
153
241
329
417
505
15
15
15
15
15
15
105
105
105
105
105
105
195
195
195
195
195
195
285
285
285
285
285
285
375
375
375
375
375
375
465
465
465
465
465
465
555
555
555
555
555
555
645
645
645
645
645
645
22
52
42
32
52
22
22
22
52
42
22
2
32
2
52
12
22
52
12
42
32
42
2
12
52
42
52
22
32
52
22
12
32
12
2
32
12
2
32
2
52
2
42
52
52
12
12
2
